0 0 0 0 0 0 0 0 0 0 0 1 0 0  1 0
0 0 0 0 0 0 0 0 0 1 1 0 0 1  1 0
0 0 0 0 0 0 0 1 0 0 0 0 0 1  1 0
0 0 0 0 0 0 0 1 0 0 0 0 1 0  1 0
0 0 0 0 0 0 0 1 0 0 0 1 0 0  1 0
0 0 0 0 0 0 0 1 0 0 1 0 0 0  2 0
0 0 0 0 0 0 0 1 0 0 1 0 0 1  1 0
0 0 0 0 0 0 1 0 1 1 1 1 1 1  1 0
0 0 0 0 0 0 1 1 1 1 1 1 1 1  1 0
0 0 0 0 0 1 0 0 1 1 0 0 0 0  1 0
0 0 0 0 0 1 0 1 0 1 0 0 1 1  1 0
0 0 0 0 0 1 0 1 1 1 0 0 0 1  1 0
0 0 0 0 1 0 0 0 0 0 0 0 0 0  1 0
0 0 0 0 1 0 0 0 1 0 0 0 0 0  1 0
0 0 0 0 1 0 1 0 0 0 1 0 0 0  1 0
0 0 0 0 1 0 1 1 1 1 1 1 1 1  1 0
0 0 0 0 1 1 0 0 0 0 0 1 0 0  1 0
0 0 0 0 1 1 0 0 0 1 0 1 0 0  1 0
0 0 0 0 1 1 0 1 1 0 0 0 0 0  1 0
0 0 0 0 1 1 1 0 1 0 1 0 0 0  1 0
0 0 0 0 1 1 1 0 1 0 1 0 1 1  1 0
0 0 0 1 0 0 0 0 1 0 0 0 0 0  1 0
0 0 0 1 0 1 0 0 0 0 0 1 0 0  1 0
0 0 0 1 0 1 1 0 0 1 0 1 0 0  1 0
0 0 1 0 0 0 1 0 0 0 0 0 0 1  1 0
0 0 1 0 0 1 0 0 1 0 0 0 0 1  1 0
0 0 1 0 0 1 1 1 0 0 1 1 1 0  1 0
0 0 1 0 1 0 0 0 0 0 0 0 0 1  1 0
0 0 1 0 1 0 1 1 0 0 0 1 0 0  1 0
0 0 1 0 1 1 1 0 1 0 0 0 0 0  1 0
0 0 1 0 1 1 1 1 1 1 0 0 0 1  0 1
0 0 1 0 1 1 1 1 1 1 1 1 1 1  0 1
0 0 1 1 0 0 0 0 0 1 0 0 0 1  1 0
0 0 1 1 1 0 0 0 1 1 1 1 1 1  1 0
0 1 0 0 0 0 0 0 0 0 0 1 0 1  1 0
0 1 0 0 0 0 0 1 0 0 1 0 1 0  1 0
0 1 0 0 0 0 0 1 1 1 1 1 1 1  1 0
0 1 0 0 0 1 1 1 0 0 0 0 1 0  1 0
0 1 0 0 1 0 0 0 0 0 0 0 0 0  1 0
0 1 0 0 1 0 0 1 0 1 0 0 0 0  1 0
0 1 0 0 1 1 0 0 1 1 0 0 0 0  1 0
0 1 0 1 0 0 0 0 1 1 0 0 0 0  1 0
0 1 0 1 0 0 1 0 0 0 0 0 1 1  1 0
0 1 0 1 0 1 0 0 0 1 0 0 1 0  1 0
0 1 0 1 1 0 0 0 1 1 1 1 1 1  0 1
0 1 0 1 1 0 1 1 1 1 1 1 0 1  0 1
0 1 1 0 1 0 0 0 0 0 0 0 0 1  1 0
0 1 1 0 1 0 1 0 0 0 0 0 1 0  1 0
0 1 1 0 1 1 1 1 1 1 1 1 1 1  0 1
0 1 1 1 1 0 1 1 1 1 1 1 1 1  0 1
0 1 1 1 1 1 1 0 1 1 1 1 0 1  0 1
0 1 1 1 1 1 1 1 1 1 1 1 1 1  0 11
1 0 0 0 0 0 0 0 0 0 0 1 0 0  1 0
1 0 0 0 0 0 0 0 1 0 0 0 1 0  1 0
1 0 0 0 0 0 0 0 1 0 0 0 1 1  1 0
1 0 0 0 0 0 0 1 0 0 0 0 0 1  2 0
1 0 0 0 0 0 0 1 0 0 0 1 0 0  1 0
1 0 0 0 0 1 0 0 0 1 0 0 0 0  1 0
1 0 0 0 0 1 0 0 1 0 1 1 0 0  1 0
1 0 0 1 0 0 0 0 0 0 1 1 0 0  1 0
1 0 0 1 0 0 0 0 1 1 1 0 0 0  1 0
1 0 0 1 0 0 0 1 0 1 0 0 1 1  1 0
1 0 0 1 0 0 0 1 0 1 1 1 0 0  1 0
1 0 0 1 0 0 1 0 0 0 0 0 0 0  1 0
1 0 0 1 0 1 0 0 0 0 0 0 0 0  1 0
1 0 0 1 1 1 1 1 0 0 1 1 1 0  1 0
1 0 0 1 1 1 1 1 1 1 1 1 1 1  0 1
1 0 1 0 0 0 1 0 0 0 0 0 1 1  1 0
1 0 1 0 0 1 0 0 0 0 0 0 0 0  1 0
1 0 1 0 0 1 0 0 0 0 0 1 0 1  1 0
1 0 1 0 1 0 1 1 1 1 0 0 1 1  0 1
1 0 1 1 0 0 1 0 0 1 0 1 1 0  1 0
1 0 1 1 0 1 1 1 1 0 1 1 1 1  1 0
1 0 1 1 0 1 1 1 1 1 1 1 1 1  0 1
1 0 1 1 1 0 0 0 1 0 0 0 0 0  1 0
1 0 1 1 1 0 1 0 1 1 1 1 1 1  0 1
1 0 1 1 1 1 1 0 1 0 1 1 1 1  0 1
1 0 1 1 1 1 1 0 1 1 1 1 1 1  0 1
1 0 1 1 1 1 1 1 1 1 1 1 1 1  0 6
1 1 0 0 0 0 0 0 1 0 0 0 0 0  1 0
1 1 0 0 0 0 0 0 1 1 0 0 1 0  1 0
1 1 0 0 1 0 1 0 1 0 1 0 0 0  0 1
1 1 0 1 0 0 1 0 0 1 0 1 0 1  1 0
1 1 0 1 0 1 0 1 1 1 1 1 1 1  0 1
1 1 0 1 0 1 1 0 0 0 0 1 0 0  1 0
1 1 0 1 1 0 1 1 0 0 0 0 1 0  1 0
1 1 0 1 1 1 1 1 1 0 1 0 1 0  0 1
1 1 0 1 1 1 1 1 1 0 1 1 1 1  0 1
1 1 0 1 1 1 1 1 1 1 1 1 1 1  0 4
1 1 1 0 0 1 1 1 1 1 1 1 0 0  0 1
1 1 1 0 1 0 1 0 1 1 1 0 1 0  0 1
1 1 1 0 1 0 1 0 1 1 1 1 1 1  0 1
1 1 1 0 1 0 1 1 1 1 0 0 0 1  1 0
1 1 1 0 1 0 1 1 1 1 0 1 1 1  0 1
1 1 1 0 1 1 0 1 1 1 0 1 1 0  0 1
1 1 1 0 1 1 0 1 1 1 1 1 1 1  0 1
1 1 1 0 1 1 1 1 0 1 1 1 1 1  0 1
1 1 1 0 1 1 1 1 1 0 1 1 0 1  0 1
1 1 1 0 1 1 1 1 1 1 1 0 1 1  0 1
1 1 1 0 1 1 1 1 1 1 1 1 1 1  0 4
1 1 1 1 0 1 1 0 0 0 0 0 0 0  1 0
1 1 1 1 0 1 1 1 1 1 1 0 1 1  0 1
1 1 1 1 0 1 1 1 1 1 1 1 1 1  0 4
1 1 1 1 1 0 0 1 1 1 1 1 1 1  1 0
1 1 1 1 1 0 1 0 1 1 0 0 0 0  1 0
1 1 1 1 1 0 1 0 1 1 1 1 1 1  0 1
1 1 1 1 1 0 1 1 0 1 1 1 1 1  0 1
1 1 1 1 1 0 1 1 1 1 1 1 1 0  0 1
1 1 1 1 1 0 1 1 1 1 1 1 1 1  0 4
1 1 1 1 1 1 0 1 1 0 1 1 1 1  0 1
1 1 1 1 1 1 0 1 1 1 0 1 1 1  0 1
1 1 1 1 1 1 0 1 1 1 1 1 1 1  0 6
1 1 1 1 1 1 1 0 1 1 1 1 0 1  0 1
1 1 1 1 1 1 1 0 1 1 1 1 1 1  0 3
1 1 1 1 1 1 1 1 0 1 1 0 1 1  0 1
1 1 1 1 1 1 1 1 0 1 1 1 1 1  0 4
1 1 1 1 1 1 1 1 1 0 0 1 1 1  0 1
1 1 1 1 1 1 1 1 1 0 1 1 0 1  0 1
1 1 1 1 1 1 1 1 1 0 1 1 1 1  0 2
1 1 1 1 1 1 1 1 1 1 0 0 1 1  0 2
1 1 1 1 1 1 1 1 1 1 0 1 1 0  0 2
1 1 1 1 1 1 1 1 1 1 0 1 1 1  0 6
1 1 1 1 1 1 1 1 1 1 1 0 0 1  0 3
1 1 1 1 1 1 1 1 1 1 1 0 1 1  0 3
1 1 1 1 1 1 1 1 1 1 1 1 0 0  0 1
1 1 1 1 1 1 1 1 1 1 1 1 0 1  0 11
1 1 1 1 1 1 1 1 1 1 1 1 1 0  0 12
1 1 1 1 1 1 1 1 1 1 1 1 1 1  0 114
