Starting algorithm pucs to select features on the data set ./input/Promoters/Test_01_A.dat
1 0 2 1 0 3 2 0 0 1 0 2 3 2 1 1 3 2 3 1 1 2 3 3 1 3 3 1 1 0 0 3 1 0 1 3 1 0 1 0 0 1 3 2 3 2 3 3 3 2 1 1 3 1 2 3 1  0 1
1 3 2 1 0 1 2 2 1 3 0 2 0 3 1 1 3 1 2 0 2 3 2 1 3 0 1 1 3 3 1 3 1 2 3 1 1 0 2 0 0 1 2 1 0 0 2 3 2 0 1 2 3 2 2 0 0  0 1
3 1 0 2 1 0 3 0 3 0 0 2 1 0 3 1 3 2 0 1 1 0 3 2 1 1 0 1 1 1 1 1 1 1 3 1 1 0 1 2 0 1 3 2 1 0 0 2 2 0 2 2 2 3 3 2 3  0 1
0 0 1 1 3 1 3 0 1 3 1 3 1 0 1 2 3 0 0 3 1 3 1 3 1 1 3 2 3 3 0 3 1 0 3 0 1 3 1 1 0 3 0 0 1 0 2 1 0 0 2 0 0 0 2 1 2  0 1
1 2 3 0 1 0 0 1 1 0 0 2 1 0 1 1 3 0 2 3 0 0 0 0 3 2 1 3 0 0 0 0 2 2 0 2 1 0 3 0 0 1 3 2 3 2 2 1 2 2 3 1 3 3 1 0 3  0 1
0 3 3 3 3 2 0 0 3 3 0 3 3 0 1 3 3 0 0 0 3 0 3 3 1 1 3 2 2 3 1 0 1 0 0 0 3 0 0 0 2 1 0 3 0 3 1 2 2 3 1 1 1 0 3 3 1  0 1
2 0 3 3 3 3 3 1 3 3 0 3 3 0 1 1 1 0 0 3 2 2 0 1 2 1 2 2 1 3 0 1 3 0 2 3 2 0 1 0 3 1 2 0 3 2 2 2 0 1 2 0 1 3 0 0 1  0 1
1 1 1 2 1 0 2 0 0 0 0 2 0 2 1 1 3 0 1 0 2 1 3 1 0 1 3 0 3 2 0 1 0 2 0 3 1 0 1 0 0 1 1 3 2 1 1 2 0 0 2 0 3 0 0 2 0  0 1
2 3 0 2 1 1 0 0 1 0 1 0 2 1 3 2 3 0 2 0 3 3 0 2 3 1 2 2 3 1 1 2 1 3 1 3 1 0 0 0 1 2 3 2 0 0 1 3 0 0 0 1 3 3 1 1 1  0 1
1 1 1 1 0 0 0 1 1 1 2 2 1 2 1 1 3 1 2 0 3 3 2 2 3 3 0 0 1 0 0 2 1 2 2 2 1 0 1 0 0 1 3 2 3 2 2 0 2 2 0 2 1 3 0 2 0  0 1
3 2 0 0 0 0 0 1 0 0 0 1 3 2 1 1 3 0 2 1 2 1 3 1 0 3 2 3 3 3 0 0 3 3 2 3 1 0 1 1 0 1 3 2 0 2 0 2 2 2 2 3 2 3 2 2 3  0 1
2 2 1 3 0 0 0 1 1 2 0 3 3 3 1 1 3 0 2 1 2 1 3 0 0 0 3 0 3 3 0 0 0 3 2 3 1 0 0 1 0 1 0 2 3 2 2 0 2 2 1 2 3 2 3 0 2  0 1
3 0 1 2 0 0 0 0 0 0 0 1 0 2 1 1 3 1 3 2 0 0 0 0 0 0 1 1 3 3 3 0 1 2 2 2 1 0 1 0 0 1 3 2 3 2 2 1 2 2 3 1 1 3 0 3 0  0 1
2 1 3 2 0 0 1 1 1 1 1 2 1 0 1 1 3 2 3 3 2 2 1 3 2 3 3 0 3 0 0 2 1 2 2 2 1 0 1 0 0 1 3 2 3 2 2 1 2 2 0 1 2 3 0 2 0  0 1
1 1 1 0 1 0 1 1 1 1 1 2 3 2 1 1 3 1 2 0 3 3 2 2 3 3 0 0 1 0 0 2 1 2 2 2 1 0 1 0 0 1 3 2 3 2 2 0 2 2 0 2 1 3 0 2 0  0 1
0 0 3 2 0 0 0 3 0 0 0 1 3 2 1 1 3 0 2 1 2 1 3 1 0 3 2 3 3 3 0 0 3 3 2 3 1 0 1 1 0 1 3 2 0 2 0 2 2 3 2 2 3 2 3 2 2  0 1
0 1 3 2 0 1 1 1 1 1 2 2 3 2 1 1 3 1 2 1 1 2 2 1 3 0 3 2 2 3 0 2 1 2 2 2 1 0 1 0 0 1 3 2 3 2 2 1 2 2 0 1 2 3 0 2 0  0 1
0 0 0 2 0 0 1 1 1 2 0 3 0 0 1 0 3 0 2 0 0 0 0 0 2 1 2 1 3 0 3 1 3 1 0 0 1 0 0 1 3 1 0 3 2 2 1 2 3 1 3 1 2 1 1 3 2  0 1
1 2 1 2 0 0 2 3 1 0 0 2 0 2 1 1 1 0 2 0 3 2 3 3 2 3 2 3 1 2 0 1 1 1 3 0 1 0 1 3 0 1 3 2 3 2 2 2 2 3 2 1 1 2 2 2 3  0 1
3 2 0 0 0 1 0 0 1 2 0 0 1 3 1 3 3 0 2 1 1 1 1 2 1 3 2 2 3 1 3 0 1 1 0 1 0 3 0 2 0 2 1 1 1 1 3 1 1 0 2 3 2 3 1 1 1  0 1
3 0 2 0 2 2 0 1 2 3 0 0 1 3 3 2 3 2 0 0 0 0 2 2 1 1 1 2 3 2 3 3 1 0 1 3 3 2 0 1 3 0 1 0 3 2 3 2 2 2 3 3 0 0 3 0 3  0 1
0 0 0 0 0 2 3 1 2 0 1 2 3 2 1 1 3 2 0 1 1 0 3 0 0 0 3 3 1 1 1 2 1 3 3 2 2 3 0 2 2 1 1 0 1 0 0 2 2 0 1 1 0 0 1 1 0  0 1
1 2 1 3 0 0 0 1 3 0 3 2 1 3 1 1 3 0 2 0 0 1 1 0 0 1 2 0 1 2 3 0 0 2 1 0 3 1 1 0 0 2 1 0 3 1 0 2 3 2 0 0 3 1 1 2 0  0 1
0 2 2 3 3 0 0 3 0 0 0 0 2 2 3 1 3 0 2 0 1 1 1 1 0 0 2 0 2 3 1 1 1 3 1 1 0 2 0 0 3 3 1 0 0 0 3 3 2 3 0 2 3 2 2 3 2  0 1
0 0 0 1 1 0 0 0 0 1 1 1 1 0 1 1 3 0 2 1 1 0 3 3 1 2 0 2 1 0 0 0 1 0 2 1 1 1 0 0 2 2 0 0 1 0 1 0 3 3 2 0 1 0 3 2 3  0 1
1 1 3 1 2 0 1 0 0 1 2 3 0 2 1 1 3 1 0 0 0 2 2 0 0 0 1 1 3 0 0 0 0 3 0 1 1 1 0 3 3 1 1 1 0 2 0 0 3 1 2 1 0 2 0 2 2  0 1
2 0 1 2 2 1 2 3 2 0 2 2 0 3 1 2 3 0 2 3 0 2 3 3 1 1 1 0 2 3 2 1 1 1 0 2 3 1 0 1 0 3 1 3 3 2 3 0 2 0 0 1 1 1 1 1 1  0 1
1 2 2 0 3 1 0 1 0 0 1 1 1 3 1 1 3 3 2 0 1 0 0 1 1 0 0 3 1 0 2 3 0 2 3 0 3 1 0 0 0 0 1 1 0 2 0 1 0 2 2 1 3 2 2 2 3  0 1
0 2 0 3 1 1 0 1 2 2 0 2 1 0 1 1 2 2 1 3 1 3 3 0 1 0 0 2 2 0 1 3 1 3 1 0 1 1 0 3 0 3 1 1 0 3 0 0 0 0 2 0 2 3 0 3 3  0 1
1 3 1 3 2 0 3 1 1 1 0 1 3 3 1 1 2 2 0 0 0 0 1 2 3 2 2 1 1 1 1 3 2 1 3 1 0 1 0 1 0 2 1 2 0 2 0 3 2 0 1 0 0 2 1 3 1  0 1
2 1 3 1 1 3 1 1 2 0 3 1 1 1 1 1 3 0 3 1 1 3 1 3 1 0 1 0 0 2 2 2 2 1 2 0 1 1 2 1 3 0 1 2 2 2 0 3 2 1 1 0 1 0 2 3 3  0 1
0 1 1 0 2 0 0 0 0 0 3 1 3 2 1 1 1 2 1 3 0 0 2 1 3 0 0 2 0 0 0 0 0 0 3 0 3 1 0 0 0 3 1 1 0 3 1 2 3 2 3 1 0 3 3 3 1  0 1
0 1 3 2 3 2 0 0 2 3 2 3 3 3 3 1 3 0 2 0 0 3 3 3 2 3 2 3 2 0 0 0 2 2 2 1 2 1 0 1 0 2 1 3 2 3 2 3 2 2 3 0 0 3 2 1 3  0 1
1 0 0 0 0 0 0 2 1 0 0 2 0 3 1 1 3 1 2 0 3 2 2 1 3 1 2 2 2 3 2 1 1 0 1 0 0 3 0 1 2 0 1 0 2 3 2 2 3 1 1 0 1 0 2 3 1  0 1
0 1 3 2 0 0 1 1 1 1 1 1 0 3 1 1 3 2 0 1 3 0 0 2 1 2 3 2 0 1 3 1 2 1 2 2 0 1 0 3 0 0 1 3 2 3 2 3 2 1 0 2 1 1 3 0 1  0 1
2 2 1 1 3 0 0 0 0 0 3 0 3 3 1 1 3 0 2 3 2 1 3 2 0 0 3 3 2 1 2 1 0 1 0 2 3 2 0 1 0 0 1 3 2 3 2 2 2 2 3 2 0 0 2 3 2  0 1
1 2 3 1 1 3 1 0 1 0 1 1 1 2 1 1 3 0 2 0 2 2 1 1 1 1 2 3 3 2 0 1 2 3 2 2 2 1 0 0 0 0 1 1 2 3 3 2 3 1 2 2 1 2 0 1 0  0 1
2 2 3 1 1 1 0 1 1 1 1 1 1 2 1 0 2 2 2 0 1 0 1 2 2 1 1 3 0 0 3 2 3 3 1 3 1 1 0 1 0 0 1 3 2 2 3 2 3 2 2 2 1 2 3 0 1  0 1
1 1 2 3 2 0 1 0 1 1 1 1 1 2 1 1 3 2 0 0 0 3 1 1 3 3 3 1 1 3 0 3 2 1 3 3 2 1 0 3 0 1 1 0 3 2 2 0 3 2 2 0 0 1 2 1 1  0 1
1 3 1 0 0 0 2 1 0 0 1 3 2 2 1 1 1 0 2 3 1 3 3 3 2 3 3 1 3 0 1 1 1 1 3 1 2 1 0 2 0 0 1 2 1 1 0 2 2 2 2 2 0 2 3 1 0  0 1
3 0 1 2 3 2 0 2 3 0 1 2 1 3 1 0 1 0 2 1 1 0 1 1 1 3 0 3 1 0 0 0 1 1 0 0 2 2 2 0 2 3 0 1 2 2 2 0 3 2 2 0 1 1 2 1 1  0 1
0 0 2 3 2 0 1 0 2 3 3 1 0 1 1 1 1 0 2 2 1 1 2 2 2 0 3 1 2 0 0 3 0 0 0 0 2 1 1 0 1 2 1 1 0 1 1 2 2 2 0 2 1 1 1 1 2  0 1
1 1 0 3 2 3 3 0 1 2 2 1 0 2 2 1 3 0 2 3 2 1 1 1 1 1 0 1 2 3 2 0 0 2 1 2 1 2 1 0 2 1 3 1 1 1 2 1 2 2 0 1 0 2 2 2 3  0 1
3 2 2 1 1 2 1 2 2 0 0 0 0 2 3 1 3 1 1 1 1 1 1 3 1 1 3 1 1 0 0 1 1 2 3 3 1 3 1 0 3 0 2 1 1 3 1 0 0 0 2 2 1 0 0 0 1  0 1
2 0 3 0 0 0 2 3 1 1 1 1 0 1 1 2 3 0 0 2 0 1 2 3 0 1 2 1 2 3 1 2 1 1 3 1 3 1 1 0 3 0 0 1 1 2 1 0 0 2 0 1 0 2 3 3 1  0 1
2 0 2 1 0 0 1 1 1 0 1 1 2 2 0 1 3 1 2 0 2 0 2 1 1 1 1 2 3 2 0 1 2 1 1 1 3 1 1 0 1 3 2 1 0 1 3 3 1 1 0 1 1 1 2 0 1  0 1
0 1 0 1 0 0 0 0 0 0 3 1 1 2 1 1 3 2 1 1 1 2 1 0 0 2 3 1 3 0 0 0 3 1 3 3 1 1 1 0 3 3 1 1 0 0 0 0 3 0 2 0 1 2 0 3 1  0 1
2 0 0 3 3 1 0 3 0 0 1 3 2 1 1 1 3 2 2 1 1 3 1 2 3 3 2 2 1 3 0 1 1 0 0 1 3 3 2 0 2 3 0 1 0 3 1 2 3 2 0 1 2 3 3 0 1  0 1
3 3 2 2 0 0 0 0 0 0 1 0 1 2 1 1 3 1 0 2 1 0 1 1 1 0 2 0 0 0 0 2 2 1 0 1 3 3 1 0 0 2 1 2 1 1 1 0 3 3 2 0 1 1 2 2 1  0 1
1 0 3 3 2 0 2 2 2 2 0 3 3 2 1 1 1 0 2 0 2 1 1 1 0 1 3 2 1 1 2 2 3 3 2 1 2 3 1 0 1 3 1 1 3 1 3 1 3 3 0 0 1 1 3 1 3  0 1
2 2 0 1 2 0 0 0 0 0 0 0 1 0 1 1 2 1 2 0 0 2 0 1 0 0 0 0 0 0 2 1 1 1 3 1 3 1 0 0 1 0 2 1 1 3 1 0 0 2 3 2 1 0 2 0 1  0 1
1 3 3 3 3 0 2 3 1 2 3 1 1 0 2 1 3 0 1 2 2 3 2 0 2 3 1 1 1 0 1 3 0 1 0 1 3 2 1 0 1 2 3 1 0 2 1 2 1 1 1 0 3 2 3 0 3  0 1
1 2 0 3 0 0 0 1 0 1 1 0 1 3 3 1 3 0 1 3 0 0 2 1 3 1 1 1 1 1 1 1 0 1 2 2 0 3 1 0 1 0 0 1 1 1 3 1 1 3 3 2 0 1 0 0 1  0 1
0 1 0 1 3 0 0 2 3 1 1 3 0 3 0 2 1 3 2 2 3 2 1 3 0 3 1 1 0 1 2 0 3 2 1 3 1 3 0 0 2 3 0 2 0 1 1 2 1 3 3 2 3 1 2 1 0  1 0
2 3 0 0 2 3 0 3 1 2 0 0 1 2 0 3 0 2 2 3 2 1 1 1 3 0 2 1 2 1 3 3 1 0 1 1 0 2 1 3 1 3 0 0 2 0 1 1 0 1 1 2 3 1 2 1 2  1 0
2 0 0 1 3 3 2 2 1 2 1 0 0 0 2 3 3 3 1 2 1 1 3 0 3 3 3 3 1 1 1 1 1 1 3 2 1 3 0 0 0 3 3 0 3 3 0 0 2 1 0 1 0 1 3 2 3  1 0
1 1 3 0 2 2 1 0 2 1 0 2 3 2 2 0 3 2 0 1 1 1 1 3 3 2 3 3 1 3 1 0 0 3 2 1 0 0 2 2 0 1 1 2 2 3 3 1 1 3 0 2 1 2 0 0 1  1 0
2 3 1 2 1 0 1 2 3 3 1 3 0 0 2 2 1 2 2 3 3 1 0 1 2 0 0 2 3 2 1 3 3 0 0 3 3 1 3 0 2 3 2 1 0 0 2 3 2 0 3 0 1 3 2 0 3  1 0
3 2 2 0 0 1 2 0 0 1 2 0 0 3 0 0 2 1 1 3 0 0 3 3 3 1 3 3 1 0 1 2 0 3 2 2 0 0 2 0 3 2 2 1 3 0 2 0 1 2 2 1 1 2 3 1 1  1 0
1 3 3 0 1 3 3 0 2 3 1 1 2 0 0 2 0 1 1 3 0 3 3 0 0 3 3 2 0 1 0 0 2 3 2 1 0 2 1 0 2 2 1 3 0 1 3 1 1 1 0 2 1 2 2 0 0  1 0
3 0 3 3 1 3 3 2 1 0 1 3 1 3 1 0 1 3 0 2 2 3 0 0 2 3 0 3 1 2 0 0 1 2 0 3 0 2 2 3 2 1 1 1 3 0 2 1 2 1 3 3 1 0 1 1 0  1 0
2 3 1 0 3 2 3 2 0 1 2 0 3 1 3 2 1 1 1 2 1 1 0 2 1 3 1 3 0 3 1 0 2 3 2 0 2 2 0 3 2 3 2 2 0 3 0 3 3 0 2 3 0 2 3 0 2  1 0
2 3 0 2 2 3 0 0 3 2 3 0 3 2 2 1 2 3 1 2 2 1 2 0 0 1 3 3 2 2 1 2 1 0 0 0 2 3 3 3 1 2 1 1 3 0 3 3 3 3 1 1 1 1 1 1 3  1 0
2 1 0 2 3 3 1 3 3 3 1 0 2 0 0 1 0 1 3 2 1 3 3 0 1 3 3 0 3 0 1 3 2 3 1 1 2 0 2 1 1 2 1 3 3 1 2 1 0 2 1 3 0 2 1 2 3  1 0
0 1 0 3 1 2 1 2 0 3 0 3 1 2 1 1 3 0 2 2 1 0 2 1 0 2 3 2 2 0 3 2 0 1 1 1 1 3 3 2 3 3 1 3 1 0 0 3 2 1 0 0 2 2 0 1 1  1 0
0 0 2 1 2 0 0 3 3 2 1 3 0 1 0 2 3 3 2 3 0 3 0 2 1 1 3 2 3 0 3 2 2 1 1 3 1 2 2 1 1 3 2 3 3 1 0 2 0 2 0 3 2 0 3 2 3  1 0
1 1 0 2 1 3 1 3 0 0 2 0 1 1 0 1 1 2 3 1 2 1 2 2 3 2 3 0 2 1 0 2 3 0 1 3 0 3 0 1 3 2 2 1 3 0 3 1 3 2 1 1 2 2 3 1 1  1 0
1 0 1 1 2 1 2 0 0 2 0 0 3 0 1 1 0 0 2 2 3 0 2 0 3 0 1 1 2 0 0 1 2 1 2 3 1 3 3 0 1 3 3 0 2 3 1 1 2 0 0 2 0 1 1 3 0  1 0
0 0 2 3 0 3 1 2 0 0 1 2 0 3 0 2 2 3 2 1 1 1 3 0 2 1 2 1 3 3 1 0 1 1 0 2 1 3 1 3 0 0 2 0 1 1 0 1 1 2 3 1 2 1 2 2 3  1 0
0 0 3 1 3 2 1 1 0 3 2 1 1 2 0 0 3 3 1 2 0 2 3 3 0 1 0 2 3 0 2 2 3 0 0 3 2 3 0 3 2 2 1 2 3 1 2 2 1 2 0 0 1 3 3 2 2  1 0
3 0 0 3 0 2 2 0 2 3 2 2 1 2 3 2 2 0 2 2 3 0 3 1 0 3 0 2 2 2 1 1 0 3 0 3 0 3 2 0 1 3 1 2 0 3 2 2 1 2 3 0 2 0 0 2 1  1 0
1 1 0 3 0 3 0 3 2 0 1 3 1 2 0 3 2 2 1 2 3 0 2 0 0 2 1 1 3 2 0 1 0 0 0 1 3 2 1 1 1 2 1 1 3 1 0 3 0 2 3 1 3 2 2 2 1  1 0
1 0 1 1 2 3 1 2 1 2 2 3 2 3 0 2 1 0 2 3 0 1 3 0 3 0 1 3 2 2 1 3 0 3 1 3 2 1 1 2 2 3 1 1 0 2 1 3 3 0 1 1 3 1 2 0 2  1 0
1 3 2 1 3 0 0 0 3 3 0 3 3 0 0 2 1 0 1 0 1 3 2 3 2 1 2 0 1 0 2 3 0 1 0 1 3 0 0 2 3 1 1 3 0 3 0 2 1 3 2 2 3 2 1 3 0  1 0
2 0 1 3 0 0 2 1 2 0 0 3 3 2 1 3 0 1 0 2 3 3 2 3 0 3 0 2 1 1 3 2 3 0 3 2 2 1 1 3 1 2 2 1 1 3 2 3 3 1 0 2 0 2 0 3 2  1 0
1 1 2 3 1 2 1 2 2 3 2 3 0 2 1 0 2 3 0 1 3 0 3 0 1 3 2 2 1 3 0 3 1 3 2 1 1 2 2 3 1 1 0 2 1 3 3 0 1 1 3 1 2 0 2 2 0  1 0
2 0 1 3 1 2 0 3 2 2 1 2 3 0 2 0 0 2 1 1 3 2 0 1 0 0 0 1 3 2 1 1 1 2 1 1 3 1 0 3 0 2 3 1 3 2 2 2 1 0 2 3 2 3 2 1 1  1 0
0 3 3 0 3 3 0 0 2 1 0 2 3 2 0 0 3 3 1 1 3 3 0 0 2 0 1 2 3 3 0 3 0 3 0 1 3 2 2 0 3 2 2 0 3 2 3 2 0 2 2 1 3 2 0 2 3  1 0
1 2 1 2 0 0 2 0 0 3 0 1 1 0 0 2 2 3 0 2 0 3 0 1 1 2 0 0 1 2 1 2 3 1 3 3 0 1 3 3 0 2 3 1 1 2 0 0 2 0 1 1 3 0 3 3 0  1 0
1 3 0 0 3 1 3 2 1 1 0 3 2 1 1 2 0 0 3 3 1 2 0 2 3 3 0 1 0 2 3 0 2 2 3 0 0 3 2 3 0 3 2 2 1 2 3 1 2 2 1 2 0 0 1 3 3  1 0
2 1 0 1 0 1 3 2 3 2 1 2 0 1 0 2 3 0 1 0 1 3 0 0 2 3 1 1 3 0 3 0 2 1 3 2 2 3 2 1 3 0 3 1 1 0 1 2 0 3 2 1 3 1 3 0 0  1 0
3 2 3 3 2 0 3 2 0 2 3 1 1 1 2 2 0 2 3 2 3 3 1 3 0 3 0 3 2 2 1 2 0 3 3 0 1 1 2 0 1 3 1 2 3 0 1 3 1 2 1 1 2 2 3 3 1  1 0
0 1 2 2 2 1 0 0 1 3 1 2 1 0 2 1 1 2 2 3 3 1 2 0 0 1 2 2 0 1 2 1 0 2 3 1 1 0 0 2 2 3 0 3 3 1 3 3 2 1 0 1 3 1 3 1 0  1 0
1 3 3 2 3 1 2 1 0 1 2 3 3 1 3 0 0 2 2 1 2 2 3 3 1 0 1 2 0 0 2 3 2 1 3 3 0 0 3 3 1 3 0 2 3 2 1 0 0 2 3 2 0 3 0 1 3  1 0
1 2 1 2 3 1 3 3 0 1 3 3 0 2 3 1 1 2 0 0 2 0 1 1 3 0 3 3 0 0 3 3 2 0 1 0 0 2 3 2 1 0 2 1 0 2 2 1 3 0 1 3 1 1 1 0 2  1 0
1 0 1 1 3 3 2 1 1 3 2 1 2 0 0 3 2 0 1 3 0 0 2 1 2 0 0 3 3 2 1 3 0 1 0 2 3 3 2 3 0 3 0 2 1 1 3 2 3 0 3 2 2 1 1 3 1  1 0
1 0 3 0 3 3 3 1 3 1 0 2 1 2 2 0 0 3 0 0 3 0 3 3 0 0 3 0 1 3 0 3 3 2 1 0 3 0 2 3 1 2 1 2 1 3 2 0 1 3 3 0 3 1 0 1 3  1 0
2 0 3 2 3 3 2 0 3 2 0 2 3 1 1 1 2 2 0 2 3 2 3 3 1 3 0 3 0 3 2 2 1 2 0 3 3 0 1 1 2 0 1 3 1 2 3 0 1 3 1 2 1 1 2 2 3  1 0
1 1 0 2 3 1 1 3 3 2 3 0 2 2 3 2 1 0 3 3 0 2 1 1 1 2 1 1 3 1 1 3 0 1 1 1 1 2 2 0 1 3 2 3 3 1 3 1 1 1 1 3 2 3 2 0 0  1 0
0 2 3 2 1 0 0 2 3 2 0 3 0 1 3 2 0 3 2 3 0 0 2 3 2 1 2 3 3 2 3 1 0 1 1 2 1 2 0 0 2 0 0 3 0 1 1 0 0 2 2 3 0 2 0 3 0  1 0
3 3 1 3 1 1 1 1 3 2 3 2 0 0 1 3 1 1 0 0 1 2 3 2 1 1 1 3 1 0 2 0 2 2 1 2 0 3 3 2 0 1 3 1 0 0 0 2 3 1 2 1 1 2 3 1 0  1 0
0 0 2 2 0 1 1 2 2 3 3 1 1 3 0 2 1 2 0 0 1 3 0 3 2 0 1 2 1 2 3 0 1 3 2 0 3 2 3 1 0 2 1 2 2 1 0 2 0 1 3 0 0 1 0 3 0  1 0
0 3 0 2 3 1 2 1 2 1 3 2 0 1 3 3 0 3 1 0 1 3 0 3 0 1 3 3 0 2 1 0 2 3 3 1 3 3 3 1 0 2 0 0 1 0 1 3 2 1 3 3 0 1 3 3 0  1 0
1 3 1 1 3 0 1 1 1 1 2 2 0 1 3 2 3 3 1 3 1 1 1 1 3 2 3 2 0 0 1 3 1 1 0 0 1 2 3 2 1 1 1 3 1 0 2 0 2 2 1 2 0 3 3 2 0  1 0
1 3 2 0 2 3 3 3 1 1 3 2 3 0 1 0 3 2 2 1 2 0 3 2 3 1 0 1 1 2 0 3 3 1 3 2 3 0 3 1 1 2 3 0 1 0 3 1 2 1 2 0 3 0 3 1 2  1 0
0 3 3 2 0 1 3 1 0 0 0 2 3 1 2 1 1 2 3 1 0 3 2 3 2 0 1 2 0 3 1 3 2 1 1 1 2 1 1 0 2 1 3 1 3 0 3 1 0 2 3 2 0 2 2 0 3  1 0
2 2 3 0 3 1 0 3 0 2 2 2 1 1 0 3 0 3 0 3 2 0 1 3 1 2 0 3 2 2 1 2 3 0 2 0 0 2 1 1 3 2 0 1 0 0 0 1 3 2 1 1 1 2 1 1 3  1 0
2 3 2 1 0 3 3 0 2 1 1 1 2 1 1 3 1 1 3 0 1 1 1 1 2 2 0 1 3 2 3 3 1 3 1 1 1 1 3 2 3 2 0 0 1 3 1 1 0 0 1 2 3 2 1 1 1  1 0
1 0 1 3 0 2 2 3 0 0 2 3 0 3 1 2 0 0 1 2 0 3 0 2 2 3 2 1 1 1 3 0 2 1 2 1 3 3 1 0 1 1 0 2 1 3 1 3 0 0 2 0 1 1 0 1 1  1 0
0 3 0 3 3 3 1 3 1 0 2 1 2 2 0 0 3 0 0 3 0 3 3 0 0 3 0 1 3 0 3 3 2 1 0 3 0 2 3 1 2 1 2 1 3 2 0 1 3 3 0 3 1 0 1 3 0  1 0
3 0 3 0 3 2 0 1 3 1 2 0 3 2 2 1 2 3 0 2 0 0 2 1 1 3 2 0 1 0 0 0 1 3 2 1 1 1 2 1 1 3 1 0 3 0 2 3 1 3 2 2 2 1 0 2 3  1 0
2 2 1 2 0 0 1 3 3 2 2 1 2 1 0 0 0 2 3 3 3 1 2 1 1 3 0 3 3 3 3 1 1 1 1 1 1 3 2 1 3 0 0 0 3 3 0 3 3 0 0 2 1 0 1 0 1  1 0
3 1 0 1 1 2 1 2 0 0 2 0 0 3 0 1 1 0 0 2 2 3 0 2 0 3 0 1 1 2 0 0 1 2 1 2 3 1 3 3 0 1 3 3 0 2 3 1 1 2 0 0 2 0 1 1 3  1 0
2 3 2 3 0 2 1 0 2 3 0 1 3 0 3 0 1 3 2 2 1 3 0 3 1 3 2 1 1 2 2 3 1 1 0 2 1 3 3 0 1 1 3 1 2 0 2 2 0 0 3 3 2 1 1 2 2  1 0
2 1 2 3 1 2 2 1 2 0 0 1 3 3 2 2 1 2 1 0 0 0 2 3 3 3 1 2 1 1 3 0 3 3 3 3 1 1 1 1 1 1 3 2 1 3 0 0 0 3 3 0 3 3 0 0 2  1 0
1 0 0 2 0 1 1 0 0 1 0 0 0 1 0 0 3 3 0 3 3 2 1 2 1 0 0 1 3 3 2 0 2 1 2 0 1 1 0 3 2 2 0 0 1 2 0 0 1 2 0 0 3 0 0 2 1  1 0
102103200102321132311233133110031013101001323233321131231132101221302031131202321301133131231102001210023201232200310210303002103132011032110111111131101201321002202223323001131301313101230031313113233031030131103001021002000212123010011002101130230000321300002202103001323221223133103033332003303301330003033113223101000300021030312231110331